100 
997676901
983 70742046
977 61543938
978 371360719
994 240190794
956 21111519
1000 59289262
998 249503862
1000 110481276
995 120148036
979 483264279
970 112012030
1000 96884374
992 8577887
993 68292179
983 145352791
993 84673446
1000 265620023
992 42174835
973 12260050
1000 92257201
994 10724049
989 112199551
988 308079367
999 37617437
996 55639858
999 48146248
984 272556846
992 74419471
965 80188244
995 144887203
999 280236778
994 96273632
952 412446850
1000 88245866
985 49837748
997 332847861
998 26521147
991 21026590
995 8073071
978 66721425
954 160042090
993 436648827
998 167733491
995 48242618
971 28406249
987 116363407
988 179494978
993 55202701
1000 23167911
992 24990105
1000 3270845
995 31435043
984 14555160
997 328496132
998 123546858
995 174734576
981 134495019
995 64499576
1000 403096695
1000 36556883
1000 80459362
996 60676531
997 81338986
991 186995528
988 156462871
990 16593138
982 140584419
995 292911666
988 228180948
998 6510826
983 115350392
973 130241846
996 41878686
989 31832983
978 14595268
993 53306354
994 125960990
996 192525860
992 32367554
983 81159647
982 23140807
999 21140487
990 136359159
1000 120225888
990 91650385
997 154013509
997 358417720
999 3352145
996 26747744
1000 197214718
995 126771747
987 180108227
995 248439532
996 26656984
995 131821098
995 35102999
997 30224602
995 140412298
992 175658500
975 138652641
